FusionAttnHLAII_metrics:(0.953533175580203, 0.8810263871437074, 0.7619988281070317, 0.8843904633378318, 0.8923229878101495, 0.8692698726888299, 0.8765977323877872, 0.8923229878101495, 0.9574510200696374)
FusionAttn_gru_metrics:(0.9444491324327804, 0.8683949474241122, 0.7369287665657637, 0.8730705447123357, 0.887524855191493, 0.8484862117054298, 0.8590794979079498, 0.887524855191493, 0.9483330257570712)
noEncoder_metrics:(0.9509595351277287, 0.877168617595838, 0.7542881293409276, 0.8807158760061654, 0.8891674591510331, 0.8646812722119753, 0.8724234455848673, 0.8891674591510331, 0.9550577948433471)