testset2_netmhciipan_el-4.2:(0.7980348508038354, 0.6321993224167137, 0.3999617746301716, 0.5214436587381762, 0.36156393275598575, 0.9686510449651679, 0.9348040829766217, 0.36156393275598575, 0.8489882834687137)
testset2_netmhciipan_el:(0.8080042252539621, 0.6317758328627894, 0.39746842214866285, 0.5218586747319219, 0.36258278145695366, 0.9664344521849272, 0.9306963059823472, 0.36258278145695366, 0.8498183745429995)
testset2_comblib:(0.5912098198470139, 0.5612493899463152, 0.12227063868544179, 0.6101474414570686, 0.67611725132148, 0.44273673772930094, 0.5559067562228368, 0.67611725132148, 0.5849995896773812)
testset2_netmhciipan_ba:(0.7270182653149122, 0.6647374364765669, 0.3370863939153486, 0.6745237768946143, 0.6268466632705043, 0.7118429385687144, 0.7300504301394245, 0.6268466632705043, 0.6534319067868137)
testset2_smm_align:(0.6768652272035248, 0.6276816608996539, 0.2601923298553231, 0.6299862448418156, 0.5933740514528966, 0.6670203735144312, 0.6714136125654451, 0.5933740514528966, 0.6228079927892525)
testset2_netmhciipan_ba-4.2:(0.7270380664038998, 0.6701016374929418, 0.3460455891404068, 0.6820408163265306, 0.6384360672440142, 0.7094680177327423, 0.7320385514018691, 0.6384360672440142, 0.6516652000436189)
testset2_consensus3:(0.6844571387899568, 0.5702800829875518, 0.2312763459117722, 0.41812009832611496, 0.28741551335693594, 0.8985805005603287, 0.7668527264920567, 0.28741551335693594, 0.6254493566399579)
testset2_netmhciipan_el-4.2:(0.7980348508038354, 0.6321993224167137, 0.3999617746301716, 0.5214436587381762, 0.36156393275598575, 0.9686510449651679, 0.9348040829766217, 0.36156393275598575, 0.8489882834687137)

