testset1_netmhciipan_el-4.2:(0.8552107155125143, 0.6382757782638475, 0.3982312362074468, 0.45723378862219866, 0.299020032954644, 0.9907203027163386, 0.970994086172909, 0.299020032954644, 0.8752473358554135)
testset1_netmhciipan_el:(0.8553029582942187, 0.6365082521376019, 0.3948987098966924, 0.453421926910299, 0.29589801404908506, 0.9903599261227983, 0.9695936345552714, 0.29589801404908506, 0.8708825543375098)
testset1_comblib:(0.6876921260347507, 0.6445596656864262, 0.2890126316401014, 0.6795059660875027, 0.7325109071761697, 0.551394422310757, 0.63365434669443, 0.7325109071761697, 0.6881408918060081)
testset1_netmhciipan_ba:(0.835431456841092, 0.7563686175736285, 0.5148883685196656, 0.7513136825962428, 0.7222704015263204, 0.7917924230821208, 0.7827905446684524, 0.7222704015263204, 0.8082356335075651)
testset1_smm_align:(0.7965852227903475, 0.7231087226126498, 0.4467070566194356, 0.7225581973324497, 0.7094517650886611, 0.7372225958305313, 0.7361580013504389, 0.7094517650886611, 0.7867921798105407)
testset1_netmhciipan_ba-4.2:(0.851621823979591, 0.7696471575970483, 0.5406852821125689, 0.7669334287119418, 0.7438210042494147, 0.7964773187981441, 0.7915282392026578, 0.7438210042494147, 0.8304334264397277)
testset1_consensus3:(0.796064801119299, 0.6255501593565033, 0.3278452303463996, 0.46846555717132554, 0.32494022713687987, 0.9357076780758556, 0.8390893305035694, 0.32494022713687987, 0.7900096327456299)
