FusionAttnHLAII_comblib_metrics:(0.9342460337677423, 0.8554403343135738, 0.7106172815908708, 0.8608462455303934, 0.8692643297728299, 0.840796812749004, 0.852589641434263, 0.8692643297728299, 0.9408763169777129)
FusionAttnHLAII_netmhciipan_ba_metrics:(0.9537241185055034, 0.8812664324694549, 0.7624897053938849, 0.8845145485021705, 0.8923770705055937, 0.8697238614351998, 0.8767893660531697, 0.8923770705055937, 0.9575843250861289)
FusionAttnHLAII_consensus3_metrics:(0.9254286100652854, 0.8455380179086356, 0.6911432567144735, 0.8500165788601113, 0.8619246861924686, 0.8286308973172988, 0.8384330256559342, 0.8619246861924686, 0.9309730605601404)
FusionAttnHLAII_smm_metrics:(0.9218476648496066, 0.8416701116163704, 0.6833518198397355, 0.8462094442659813, 0.857084756791931, 0.8257397444519166, 0.8356066613798573, 0.857084756791931, 0.9272857688949674)
