FusionAttnHLAII_netmhciipan_ba-4.2_metrics:(0.7715383522493553, 0.7020045172219085, 0.40897190213521034, 0.7142663779101246, 0.6720580743759552, 0.7392336922102597, 0.7621317157712305, 0.6720580743759552, 0.8087672531719199)
FusionAttnHLAI_comblib_metrics:(0.7629948417785679, 0.6976573938506588, 0.39517192573625093, 0.7022350396539293, 0.7020663142719846, 0.6931085770946951, 0.7024038461538461, 0.7020663142719846, 0.7809484699372335)
FusionAttnHLAI_consensus3_metrics:(0.7782956087805394, 0.7068637621023514, 0.41853707185199457, 0.7112813963388677, 0.6721918249114902, 0.7471049682480388, 0.7551979750497197, 0.6721918249114902, 0.808579664804728)
FusionAttnHLAI_netmhciipan_ba_metrics:(0.7715383522493553, 0.7020045172219085, 0.40897190213521034, 0.7142663779101246, 0.6720580743759552, 0.7392336922102597, 0.7621317157712305, 0.6720580743759552, 0.8087672531719199)
FusionAttnHLAI_smm_metrics:(0.7814741354469803, 0.711220958971824, 0.42680512951941857, 0.7147739478566546, 0.6774014436424208, 0.75, 0.7565109549400578, 0.6774014436424208, 0.811440483648253)
